   585545

   556456-space

      170     1782      179      256      161      595
      162    25795-pulse  1025784-space

   999053-space

      172     3729      168      633      176      258
      159     2765      163      230      161      738
      280    12741

      179    14196-pulse    84176-space

    55137-space

     1367      407     1368      407      443     1269
     1371      407     1343      433     1342      433
     1343      433      417     1296      419     1273
      442     1297      418     1297      418     7816
     1343      435     1340      433      416     1298
     1343      433     1342      434     1342      433
     1343      433      416     1298      417     1272
      521     1211      426     1297      418     7786
     1340      443     1332      433      416     1297
     1446      331     1342      433     1342      433
     1342      433      417     1297      419     1297
      418     1274      442     1296      419     7815
     1344      432     1343      433      417     1296
     1345      433     1342      432     1343      433
     1343      432      417     1296      445     1270
      447     1270      443     1270      444    16976-pulse                                                                                                                                                                                                                                                                                                                                                                                                                                                                                                                                                                                                                                                                                                                                                                                                                                                                                                                                                                                                                                                                                                                                                                                                                                                                                                                                                                                                                                                                                                                                                                                                                                                                                                                                                                                                                                                                                                                                                                                                                                                                                                                                                                                                                                                                                                                                                                                                                                                                                                                                                                                                                                                                                                                                                                                                                                                                                                                                                                                                                                                                                                                                                                                                                                                                                                                                                                                                                                                                                                                                                                                                                                                                                                                                                                                                                                                                                                                                                                                                                                                                                                                                                                                                                                                                                                                                                                                                                                                                                                                                                                                                                                                                                                                                                                                                                                                                                                                                                                                                                                                                                                                                                                                                                                                                                                                                                                                                                                                                                                                                                                                                                                                                                                                                                                                                                                                                                                                                                                                                                                                                                                                                                                                                                                                                                                                                                                                                                                                                                                                                                                                                                                                                                                                                                                                                                                                                                                                                                                                                                                                                                                                                                                                                                                                                                                                                                                                                                                                                                                                                                                                                                                                                                                                                                                                                                                                                                                                                                                                                                                                                                                                                                                                                                                                                                                                                                                                                                                                                                                                                                                                                                                                                                                                                                                                                                                                                                                                                                                                                                                                                                                                                                                                                                                                                                                                                                                                                                                                                                                                                                                                                                                                                                                                                                                                                                                                                                                                                                                                                                                                                                                                                                                                                                                                                                                                                                                                                                                                                                                                                                                                                                                                                                                                                                                                                                                                                                                                                                                                                                                                                                                                                                                                                                                                                                                                                                                                                                                                                                                                                                                                                                                                                                                                                                                                                                                                                                                                                                                                                                                                                                                                                                                                                                                                                                                                                                                                                                                                                                                                                                                                                                                                                                                                                                                                                                                                                                                                                                                                                                                                                                                                                                                                                                                                                                                                                                                                                                                                                                                                                                                                                                                                                                                                                                                                                                                                                                                                                                                                                                                                                                                                                                                                         585545-space

   556456-space

      170     1782      179      256      161      595
      162    25795-pulse  1025784-space

   999053-space

      172     3729      168      633      176      258
      159     2765      163      230      161      738
      280    12741

      179    14196-pulse    84176-space

    55137-space

     1367      407     1368      407      443     1269
     1371      407     1343      433     1342      433
     1343      433      417     1296      419     1273
      442     1297      418     1297      418     7816
     1343      435     1340      433      416     1298
     1343      433     1342      434     1342      433
     1343      433      416     1298      417     1272
      521     1211      426     1297      418     7786
     1340      443     1332      433      416     1297
     1446      331     1342      433     1342      433
     1342      433      417     1297      419     1297
      418     1274      442     1296      419     7815
     1344      432     1343      433      417     1296
     1345      433     1342      432     1343      433
     1343      432      417     1296      445     1270
      447     1270      443     1270      444    16976-pulse